x_disp y_disp pe
0 0 -12993.3026995232
0 2.5925 -12299.4212255942
0 5.185 -12993.3026995232
0 7.7775 -12299.4212255942
0 10.37 -12993.3026995232
0 12.9625 -12299.4212255943
0 15.555 -12993.3026995232
0 18.1475 -12299.4212255943
0 20.74 -12993.3026995232
0 23.3325 -12299.4212255943
0 25.925 -12993.3026995232
0 28.5175 -12299.4212255943
0 31.11 -12993.3026995232
0 33.7025 -12299.4212255943
0 36.295 -12993.3026995232
0 38.8875 -12299.4212255943
0 41.48 -12993.3026995232
0 44.0725 -12299.4212255943
0 46.665 -12993.3026995232
0 49.2575 -12299.4212255943
1.5945 0 -12599.8228078529
1.5945 2.5925 -12007.0727300498
1.5945 5.185 -12599.8228078529
1.5945 7.7775 -12007.0727300498
1.5945 10.37 -12599.8228078529
1.5945 12.9625 -12007.0727300498
1.5945 15.555 -12599.8228078529
1.5945 18.1475 -12007.0727300498
1.5945 20.74 -12599.8228078529
1.5945 23.3325 -12007.0727300498
1.5945 25.925 -12599.8228078529
1.5945 28.5175 -12007.0727300498
1.5945 31.11 -12599.8228078529
1.5945 33.7025 -12007.0727300498
1.5945 36.295 -12599.8228078529
1.5945 38.8875 -12007.0727300498
1.5945 41.48 -12599.8228078529
1.5945 44.0725 -12007.0727300498
1.5945 46.665 -12599.8228078529
1.5945 49.2575 -12007.0727300498
3.189 0 -12993.3026995232
3.189 2.5925 -12299.4212255942
3.189 5.185 -12993.3026995232
3.189 7.7775 -12299.4212255942
3.189 10.37 -12993.3026995232
3.189 12.9625 -12299.4212255943
3.189 15.555 -12993.3026995232
3.189 18.1475 -12299.4212255943
3.189 20.74 -12993.3026995232
3.189 23.3325 -12299.4212255943
3.189 25.925 -12993.3026995232
3.189 28.5175 -12299.4212255943
3.189 31.11 -12993.3026995232
3.189 33.7025 -12299.4212255943
3.189 36.295 -12993.3026995232
3.189 38.8875 -12299.4212255943
3.189 41.48 -12993.3026995232
3.189 44.0725 -12299.4212255943
3.189 46.665 -12993.3026995232
3.189 49.2575 -12299.4212255943
4.7835 0 -12599.8228078529
4.7835 2.5925 -12007.0727300498
4.7835 5.185 -12599.8228078529
4.7835 7.7775 -12007.0727300498
4.7835 10.37 -12599.8228078529
4.7835 12.9625 -12007.0727300498
4.7835 15.555 -12599.8228078529
4.7835 18.1475 -12007.0727300498
4.7835 20.74 -12599.8228078529
4.7835 23.3325 -12007.0727300498
4.7835 25.925 -12599.8228078529
4.7835 28.5175 -12007.0727300498
4.7835 31.11 -12599.8228078529
4.7835 33.7025 -12007.0727300498
4.7835 36.295 -12599.8228078529
4.7835 38.8875 -12007.0727300498
4.7835 41.48 -12599.8228078529
4.7835 44.0725 -12007.0727300498
4.7835 46.665 -12599.8228078529
4.7835 49.2575 -12007.0727300498
6.378 0 -12993.3026995232
6.378 2.5925 -12299.4212255943
6.378 5.185 -12993.3026995232
6.378 7.7775 -12299.4212255942
6.378 10.37 -12993.3026995232
6.378 12.9625 -12299.4212255943
6.378 15.555 -12993.3026995232
6.378 18.1475 -12299.4212255943
6.378 20.74 -12993.3026995232
6.378 23.3325 -12299.4212255943
6.378 25.925 -12993.3026995232
6.378 28.5175 -12299.4212255943
6.378 31.11 -12993.3026995232
6.378 33.7025 -12299.4212255943
6.378 36.295 -12993.3026995232
6.378 38.8875 -12299.4212255943
6.378 41.48 -12993.3026995232
6.378 44.0725 -12299.4212255943
6.378 46.665 -12993.3026995232
6.378 49.2575 -12299.4212255943
7.9725 0 -12599.8228078529
7.9725 2.5925 -12007.0727300498
7.9725 5.185 -12599.8228078528
7.9725 7.7775 -12007.0727300498
7.9725 10.37 -12599.8228078529
7.9725 12.9625 -12007.0727300498
7.9725 15.555 -12599.8228078529
7.9725 18.1475 -12007.0727300498
7.9725 20.74 -12599.8228078529
7.9725 23.3325 -12007.0727300498
7.9725 25.925 -12599.8228078529
7.9725 28.5175 -12007.0727300498
7.9725 31.11 -12599.8228078529
7.9725 33.7025 -12007.0727300498
7.9725 36.295 -12599.8228078529
7.9725 38.8875 -12007.0727300498
7.9725 41.48 -12599.8228078529
7.9725 44.0725 -12007.0727300498
7.9725 46.665 -12599.8228078529
7.9725 49.2575 -12007.0727300498
9.567 0 -12993.3026995232
9.567 2.5925 -12299.4212255942
9.567 5.185 -12993.3026995232
9.567 7.7775 -12299.4212255942
9.567 10.37 -12993.3026995232
9.567 12.9625 -12299.4212255942
9.567 15.555 -12993.3026995232
9.567 18.1475 -12299.4212255943
9.567 20.74 -12993.3026995232
9.567 23.3325 -12299.4212255943
9.567 25.925 -12993.3026995232
9.567 28.5175 -12299.4212255943
9.567 31.11 -12993.3026995232
9.567 33.7025 -12299.4212255943
9.567 36.295 -12993.3026995232
9.567 38.8875 -12299.4212255943
9.567 41.48 -12993.3026995232
9.567 44.0725 -12299.4212255943
9.567 46.665 -12993.3026995232
9.567 49.2575 -12299.4212255942
11.1615 0 -12599.8228078528
11.1615 2.5925 -12007.0727300498
11.1615 5.185 -12599.8228078528
11.1615 7.7775 -12007.0727300498
11.1615 10.37 -12599.8228078529
11.1615 12.9625 -12007.0727300498
11.1615 15.555 -12599.8228078529
11.1615 18.1475 -12007.0727300498
11.1615 20.74 -12599.8228078529
11.1615 23.3325 -12007.0727300498
11.1615 25.925 -12599.8228078529
11.1615 28.5175 -12007.0727300498
11.1615 31.11 -12599.8228078529
11.1615 33.7025 -12007.0727300498
11.1615 36.295 -12599.8228078529
11.1615 38.8875 -12007.0727300498
11.1615 41.48 -12599.8228078529
11.1615 44.0725 -12007.0727300498
11.1615 46.665 -12599.8228078528
11.1615 49.2575 -12007.0727300498
12.756 0 -12993.3026995232
12.756 2.5925 -12299.4212255942
12.756 5.185 -12993.3026995232
12.756 7.7775 -12299.4212255942
12.756 10.37 -12993.3026995232
12.756 12.9625 -12299.4212255942
12.756 15.555 -12993.3026995232
12.756 18.1475 -12299.4212255942
12.756 20.74 -12993.3026995232
12.756 23.3325 -12299.4212255943
12.756 25.925 -12993.3026995232
12.756 28.5175 -12299.4212255943
12.756 31.11 -12993.3026995232
12.756 33.7025 -12299.4212255943
12.756 36.295 -12993.3026995232
12.756 38.8875 -12299.4212255943
12.756 41.48 -12993.3026995232
12.756 44.0725 -12299.4212255942
12.756 46.665 -12993.3026995232
12.756 49.2575 -12299.4212255942
14.3505 0 -12599.8228078528
14.3505 2.5925 -12007.0727300498
14.3505 5.185 -12599.8228078528
14.3505 7.7775 -12007.0727300498
14.3505 10.37 -12599.8228078528
14.3505 12.9625 -12007.0727300498
14.3505 15.555 -12599.8228078529
14.3505 18.1475 -12007.0727300498
14.3505 20.74 -12599.8228078529
14.3505 23.3325 -12007.0727300498
14.3505 25.925 -12599.8228078529
14.3505 28.5175 -12007.0727300498
14.3505 31.11 -12599.8228078529
14.3505 33.7025 -12007.0727300498
14.3505 36.295 -12599.8228078529
14.3505 38.8875 -12007.0727300498
14.3505 41.48 -12599.8228078529
14.3505 44.0725 -12007.0727300498
14.3505 46.665 -12599.8228078528
14.3505 49.2575 -12007.0727300498
15.945 0 -12993.3026995232
15.945 2.5925 -12299.4212255942
15.945 5.185 -12993.3026995232
15.945 7.7775 -12299.4212255942
15.945 10.37 -12993.3026995232
15.945 12.9625 -12299.4212255942
15.945 15.555 -12993.3026995232
15.945 18.1475 -12299.4212255943
15.945 20.74 -12993.3026995232
15.945 23.3325 -12299.4212255943
15.945 25.925 -12993.3026995232
15.945 28.5175 -12299.4212255943
15.945 31.11 -12993.3026995232
15.945 33.7025 -12299.4212255943
15.945 36.295 -12993.3026995232
15.945 38.8875 -12299.4212255943
15.945 41.48 -12993.3026995232
15.945 44.0725 -12299.4212255943
15.945 46.665 -12993.3026995232
15.945 49.2575 -12299.4212255943
17.5395 0 -12599.8228078529
17.5395 2.5925 -12007.0727300498
17.5395 5.185 -12599.8228078528
17.5395 7.7775 -12007.0727300498
17.5395 10.37 -12599.8228078529
17.5395 12.9625 -12007.0727300498
17.5395 15.555 -12599.8228078529
17.5395 18.1475 -12007.0727300498
17.5395 20.74 -12599.8228078529
17.5395 23.3325 -12007.0727300498
17.5395 25.925 -12599.8228078529
17.5395 28.5175 -12007.0727300498
17.5395 31.11 -12599.8228078529
17.5395 33.7025 -12007.0727300498
17.5395 36.295 -12599.8228078529
17.5395 38.8875 -12007.0727300498
17.5395 41.48 -12599.8228078529
17.5395 44.0725 -12007.0727300498
17.5395 46.665 -12599.8228078529
17.5395 49.2575 -12007.0727300498
19.134 0 -12993.3026995232
19.134 2.5925 -12299.4212255943
19.134 5.185 -12993.3026995232
19.134 7.7775 -12299.4212255943
19.134 10.37 -12993.3026995232
19.134 12.9625 -12299.4212255943
19.134 15.555 -12993.3026995232
19.134 18.1475 -12299.4212255943
19.134 20.74 -12993.3026995232
19.134 23.3325 -12299.4212255943
19.134 25.925 -12993.3026995232
19.134 28.5175 -12299.4212255943
19.134 31.11 -12993.3026995232
19.134 33.7025 -12299.4212255943
19.134 36.295 -12993.3026995232
19.134 38.8875 -12299.4212255943
19.134 41.48 -12993.3026995232
19.134 44.0725 -12299.4212255943
19.134 46.665 -12993.3026995232
19.134 49.2575 -12299.4212255943
20.7285 0 -12599.8228078529
20.7285 2.5925 -12007.0727300498
20.7285 5.185 -12599.8228078529
20.7285 7.7775 -12007.0727300498
20.7285 10.37 -12599.8228078529
20.7285 12.9625 -12007.0727300498
20.7285 15.555 -12599.8228078529
20.7285 18.1475 -12007.0727300498
20.7285 20.74 -12599.8228078529
20.7285 23.3325 -12007.0727300498
20.7285 25.925 -12599.8228078529
20.7285 28.5175 -12007.0727300498
20.7285 31.11 -12599.8228078529
20.7285 33.7025 -12007.0727300498
20.7285 36.295 -12599.8228078529
20.7285 38.8875 -12007.0727300498
20.7285 41.48 -12599.8228078529
20.7285 44.0725 -12007.0727300498
20.7285 46.665 -12599.8228078529
20.7285 49.2575 -12007.0727300498
22.323 0 -12993.3026995232
22.323 2.5925 -12299.4212255943
22.323 5.185 -12993.3026995232
22.323 7.7775 -12299.4212255943
22.323 10.37 -12993.3026995232
22.323 12.9625 -12299.4212255943
22.323 15.555 -12993.3026995232
22.323 18.1475 -12299.4212255943
22.323 20.74 -12993.3026995232
22.323 23.3325 -12299.4212255943
22.323 25.925 -12993.3026995232
22.323 28.5175 -12299.4212255943
22.323 31.11 -12993.3026995232
22.323 33.7025 -12299.4212255943
22.323 36.295 -12993.3026995232
22.323 38.8875 -12299.4212255943
22.323 41.48 -12993.3026995232
22.323 44.0725 -12299.4212255943
22.323 46.665 -12993.3026995232
22.323 49.2575 -12299.4212255943
23.9175 0 -12599.8228078529
23.9175 2.5925 -12007.0727300498
23.9175 5.185 -12599.8228078529
23.9175 7.7775 -12007.0727300498
23.9175 10.37 -12599.8228078529
23.9175 12.9625 -12007.0727300498
23.9175 15.555 -12599.8228078529
23.9175 18.1475 -12007.0727300498
23.9175 20.74 -12599.8228078529
23.9175 23.3325 -12007.0727300498
23.9175 25.925 -12599.8228078529
23.9175 28.5175 -12007.0727300498
23.9175 31.11 -12599.8228078529
23.9175 33.7025 -12007.0727300498
23.9175 36.295 -12599.8228078529
23.9175 38.8875 -12007.0727300498
23.9175 41.48 -12599.8228078529
23.9175 44.0725 -12007.0727300498
23.9175 46.665 -12599.8228078529
23.9175 49.2575 -12007.0727300498
25.512 0 -12993.3026995232
25.512 2.5925 -12299.4212255943
25.512 5.185 -12993.3026995232
25.512 7.7775 -12299.4212255943
25.512 10.37 -12993.3026995232
25.512 12.9625 -12299.4212255943
25.512 15.555 -12993.3026995232
25.512 18.1475 -12299.4212255943
25.512 20.74 -12993.3026995232
25.512 23.3325 -12299.4212255943
25.512 25.925 -12993.3026995232
25.512 28.5175 -12299.4212255943
25.512 31.11 -12993.3026995232
25.512 33.7025 -12299.4212255943
25.512 36.295 -12993.3026995232
25.512 38.8875 -12299.4212255943
25.512 41.48 -12993.3026995232
25.512 44.0725 -12299.4212255943
25.512 46.665 -12993.3026995232
25.512 49.2575 -12299.4212255943
27.1065 0 -12599.8228078529
27.1065 2.5925 -12007.0727300498
27.1065 5.185 -12599.8228078529
27.1065 7.7775 -12007.0727300498
27.1065 10.37 -12599.8228078529
27.1065 12.9625 -12007.0727300498
27.1065 15.555 -12599.8228078529
27.1065 18.1475 -12007.0727300498
27.1065 20.74 -12599.8228078529
27.1065 23.3325 -12007.0727300498
27.1065 25.925 -12599.8228078529
27.1065 28.5175 -12007.0727300498
27.1065 31.11 -12599.8228078529
27.1065 33.7025 -12007.0727300498
27.1065 36.295 -12599.8228078529
27.1065 38.8875 -12007.0727300498
27.1065 41.48 -12599.8228078529
27.1065 44.0725 -12007.0727300498
27.1065 46.665 -12599.8228078529
27.1065 49.2575 -12007.0727300498
28.701 0 -12993.3026995232
28.701 2.5925 -12299.4212255943
28.701 5.185 -12993.3026995232
28.701 7.7775 -12299.4212255943
28.701 10.37 -12993.3026995232
28.701 12.9625 -12299.4212255943
28.701 15.555 -12993.3026995232
28.701 18.1475 -12299.4212255943
28.701 20.74 -12993.3026995232
28.701 23.3325 -12299.4212255943
28.701 25.925 -12993.3026995232
28.701 28.5175 -12299.4212255943
28.701 31.11 -12993.3026995232
28.701 33.7025 -12299.4212255943
28.701 36.295 -12993.3026995232
28.701 38.8875 -12299.4212255943
28.701 41.48 -12993.3026995232
28.701 44.0725 -12299.4212255943
28.701 46.665 -12993.3026995232
28.701 49.2575 -12299.4212255943
30.2955 0 -12599.8228078529
30.2955 2.5925 -12007.0727300498
30.2955 5.185 -12599.8228078529
30.2955 7.7775 -12007.0727300498
30.2955 10.37 -12599.8228078529
30.2955 12.9625 -12007.0727300498
30.2955 15.555 -12599.8228078529
30.2955 18.1475 -12007.0727300498
30.2955 20.74 -12599.8228078529
30.2955 23.3325 -12007.0727300498
30.2955 25.925 -12599.8228078529
30.2955 28.5175 -12007.0727300498
30.2955 31.11 -12599.822807853
30.2955 33.7025 -12007.0727300498
30.2955 36.295 -12599.822807853
30.2955 38.8875 -12007.0727300498
30.2955 41.48 -12599.8228078529
30.2955 44.0725 -12007.0727300498
30.2955 46.665 -12599.8228078529
30.2955 49.2575 -12007.0727300498
